c,NO2,NO,N2O,NH4+,N2
2,0.012170401,0.313073593,0.125465015,0.361104157,0.188186834
2.1,0.018105492,0.319824181,0.12871602,0.347788738,0.185565569
2.2,0.023345131,0.326487599,0.131851424,0.335267609,0.183048237
2.3,0.027960046,0.333061599,0.134872372,0.3234745,0.180631483
2.4,0.032013227,0.339543904,0.137780021,0.312350814,0.178312034
2.5,0.035561109,0.345932037,0.140575499,0.301844671,0.176086684
2.6,0.038654632,0.352223677,0.143259908,0.291909484,0.173952298
2.7,0.041340126,0.35841625,0.145834335,0.282503487,0.171905802
2.8,0.043659707,0.364507249,0.148299847,0.273589016,0.16994418
2.9,0.045652067,0.370494108,0.150657494,0.265131833,0.168064498
3,0.047352977,0.376374144,0.152908307,0.25710073,0.166263841
3.1,0.048795566,0.382144785,0.155053302,0.249467021,0.164539325
3.2,0.050010621,0.387803239,0.157093476,0.242204532,0.162888131
3.3,0.051026833,0.393346825,0.159029813,0.235289047,0.161307481
3.4,0.051871276,0.398772704,0.160863278,0.228698064,0.159794677
3.5,0.052569318,0.40407804,0.162594823,0.222410849,0.158346971
3.6,0.053145041,0.409260005,0.164225383,0.216407889,0.156961681
3.7,0.053621092,0.414315792,0.165755881,0.210671075,0.15563616
3.8,0.054019099,0.419242503,0.167187222,0.205183374,0.154367802
3.9,0.054359693,0.424037276,0.1685203,0.19992873,0.153154001
4,0.054662632,0.42869716,0.169755995,0.194892058,0.151992154
4.1,0.054946727,0.433219372,0.170895173,0.190059036,0.150879692
4.2,0.055230079,0.437601066,0.171938686,0.185416109,0.14981406
4.3,0.055530274,0.44183932,0.172887376,0.180950314,0.148792717
4.4,0.05586394,0.445931525,0.173742071,0.176649336,0.147813128
4.5,0.056247474,0.449874819,0.174503586,0.172501379,0.146872742
4.6,0.056696489,0.453666651,0.175172727,0.16849511,0.145969023
4.7,0.057226247,0.457304411,0.175750287,0.164619621,0.145099435
4.8,0.057851515,0.460785621,0.176237047,0.160864385,0.144261432
4.9,0.058586578,0.464107949,0.176633742,0.157219265,0.143452465
5,0.059445428,0.467269101,0.176941157,0.153674344,0.14266997
5.1,0.060441543,0.470267035,0.17716005,0.150220003,0.141911368
5.2,0.061588122,0.473099751,0.177291161,0.146846902,0.141174064
5.3,0.062897964,0.475765561,0.17733522,0.143545815,0.140455439
5.4,0.064383542,0.478262883,0.177292947,0.140307776,0.139752852
5.5,0.066057122,0.480590374,0.17716498,0.137123889,0.139063635
5.6,0.067930457,0.482746948,0.17695209,0.13398542,0.138385085
5.7,0.070015258,0.484731604,0.176654972,0.130883709,0.137714457
5.8,0.07232266,0.48654393,0.176274288,0.127810148,0.137048974
5.9,0.074863909,0.488183422,0.175810661,0.124756196,0.136385812
6,0.077649597,0.489650183,0.175264831,0.121713293,0.135722097
6.1,0.080690334,0.490944458,0.174637424,0.118672887,0.135054897
6.2,0.083996512,0.49206683,0.173929046,0.115626382,0.134381229
6.3,0.087578202,0.493018226,0.173140421,0.11256512,0.133698031
6.4,0.091445473,0.493799916,0.172272073,0.109480353,0.133002185
6.5,0.095608047,0.494413521,0.171324725,0.106363215,0.132290492
6.6,0.100075707,0.494861007,0.170298911,0.10320471,0.131559665
6.7,0.104858111,0.495144624,0.169195318,0.099995623,0.130806325
6.8,0.109964944,0.49526701,0.168014456,0.096726593,0.130026998
6.9,0.115405679,0.495231214,0.166757016,0.093387989,0.129218101
7,0.121190233,0.495040419,0.165423502,0.089969903,0.128375943
7.1,0.127328296,0.494698341,0.16401454,0.086462114,0.12749671
7.2,0.133829947,0.494208841,0.162530721,0.08285405,0.126576441
7.3,0.140705531,0.493576134,0.160972567,0.079134746,0.125611022
7.4,0.14796563,0.492804705,0.159340653,0.075292801,0.12459621
7.5,0.155621381,0.491899208,0.15763556,0.071316272,0.123527579
7.6,0.163684349,0.490864658,0.155857832,0.067192681,0.12240048
7.7,0.172166898,0.489706077,0.154008012,0.062908898,0.121210114
7.8,0.181081949,0.488428832,0.152086637,0.058451131,0.11995145
7.9,0.19044347,0.487038362,0.150094242,0.053804756,0.11861917
8,0.200266375,0.485540199,0.148031358,0.04895429,0.117207778
8.1,0.21056683,0.483939963,0.145898511,0.043883245,0.11571145
8.2,0.221362331,0.482243392,0.143696227,0.038574002,0.114124048
8.3,0.232671952,0.480456221,0.141425027,0.033007716,0.112439084
8.4,0.244516472,0.478584186,0.139085431,0.027164158,0.110649753
8.5,0.256918807,0.476633004,0.136677955,0.021021425,0.108748809
8.6,0.269904192,0.474608401,0.134203052,0.014555841,0.106728513
8.7,0.283500306,0.472515993,0.13166128,0.007741643,0.104580779
8.8,0.297737988,0.470361321,0.129053142,0.000550745,0.102296804
8.9,0.305603787,0.468149831,0.126379078,0,0.099867304
9,0.313191217,0.46588687,0.123639657,0,0.097282256
9.1,0.321056096,0.463577633,0.120835297,0,0.094530973
9.2,0.329204409,0.461227177,0.117966538,0,0.091601876
9.3,0.337643219,0.458840413,0.115033867,0,0.088482501
9.4,0.346380864,0.456422063,0.112037724,0,0.085159349
9.5,0.355427044,0.453976718,0.108978622,0,0.081617616
9.6,0.364792819,0.451508751,0.105857047,0,0.077841384
9.7,0.374491023,0.44902239,0.102673473,0,0.073813114
9.8,0.384536525,0.446521661,0.099428382,0,0.069513432
9.9,0.394946138,0.44401041,0.096122253,0,0.064921198
10,0.405739307,0.441492297,0.092755571,0,0.060012824
10.1,0.41693832,0.438970803,0.089328782,0,0.054762095
10.2,0.428568705,0.436449226,0.085842395,0,0.049139674
10.3,0.440659819,0.433930685,0.082296909,0,0.043112587
10.4,0.45324567,0.431418124,0.078692743,0,0.036643462
10.5,0.466365535,0.42891432,0.075030446,0,0.029689699
10.6,0.480065233,0.426421876,0.071310466,0,0.022202426
10.7,0.494398407,0.423943249,0.067533288,0,0.014125056
10.8,0.509428663,0.421480717,0.063699418,0,0.005391202
10.9,0.521154214,0.41903644,0.059809346,0,0
11,0.527524028,0.416612405,0.055863567,0,0
11.1,0.533926946,0.414210469,0.051862586,0,0
11.2,0.540360712,0.411832379,0.047806909,0,0
11.3,0.546823262,0.409479715,0.043697023,0,0
11.4,0.553312534,0.407153969,0.039533497,0,0
11.5,0.559826704,0.404856496,0.0353168,0,0
11.6,0.566363921,0.402588568,0.031047511,0,0
11.7,0.572922496,0.400351346,0.026726158,0,0
11.8,0.579500823,0.398145887,0.02235329,0,0
11.9,0.586097387,0.395973145,0.017929468,0,0
12,0.592710739,0.393833987,0.013455274,0,0
