c,NO2,NO,N2O,NH4+,N2
2,0.021567756,0.295314334,0.125159546,0.353103984,0.20485438
2.1,0.02378945,0.299692859,0.128558112,0.34144717,0.20651241
2.2,0.025852865,0.30404241,0.131903041,0.330131028,0.208070656
2.3,0.027754033,0.308361981,0.135193528,0.319157172,0.209533286
2.4,0.029489645,0.312650541,0.138428851,0.30852699,0.210903973
2.5,0.031057252,0.316907036,0.141608208,0.298241492,0.212186012
2.6,0.032454868,0.321130386,0.144730883,0.288301507,0.213382356
2.7,0.033681581,0.32531949,0.147796005,0.278707318,0.214495605
2.8,0.034736818,0.329473148,0.150802793,0.269459063,0.215528179
2.9,0.035620751,0.333590231,0.153750447,0.260556387,0.216482183
3,0.036334429,0.33766948,0.156638125,0.251998426,0.21735954
3.1,0.036879506,0.341709657,0.159464975,0.243783859,0.218162003
3.2,0.037258234,0.34570949,0.16223014,0.235911044,0.218891093
3.3,0.037473641,0.349667666,0.164932751,0.228377688,0.219548253
3.4,0.037529668,0.353582795,0.167571859,0.221180962,0.220134716
3.5,0.037430749,0.35745355,0.1701466,0.214317498,0.220651602
3.6,0.037182317,0.361278493,0.172656109,0.207783157,0.221099924
3.7,0.036790524,0.365056207,0.175099301,0.201573376,0.221480592
3.8,0.036262219,0.368785167,0.177475382,0.195682806,0.221794427
3.9,0.035605335,0.372463907,0.179783278,0.190105425,0.222042054
4,0.034828486,0.3760909,0.18202203,0.18483442,0.222224163
4.1,0.033941297,0.379664557,0.184190664,0.179862233,0.222341248
4.2,0.032954213,0.383183317,0.186288148,0.175180582,0.222393739
4.3,0.031878498,0.386645599,0.188313444,0.170780421,0.222382038
4.4,0.03072651,0.390049724,0.190265503,0.16665182,0.222306444
4.5,0.029511437,0.393394078,0.192143269,0.162784023,0.222167193
4.6,0.028247457,0.396677005,0.19394568,0.1591654,0.221964457
4.7,0.026949632,0.399896827,0.195671539,0.155783694,0.221698308
4.8,0.025633892,0.403051869,0.197319844,0.152625562,0.221368833
4.9,0.024317144,0.406140452,0.198889392,0.14967698,0.220976032
5,0.023017178,0.409160838,0.200379111,0.14692309,0.220519785
5.1,0.021752635,0.412111426,0.201787699,0.144348232,0.220000009
5.2,0.020542908,0.414990474,0.203114077,0.141936036,0.219416504
5.3,0.019408249,0.417796348,0.204357024,0.139669336,0.218769043
5.4,0.018369617,0.420527416,0.205515315,0.137530332,0.21805732
5.5,0.017448645,0.423182058,0.206587716,0.135500553,0.217281029
5.6,0.016667632,0.425758695,0.207572986,0.133560987,0.216439699
5.7,0.016049421,0.428255745,0.208469811,0.131692074,0.21553295
5.8,0.015617302,0.430671731,0.209276922,0.129873796,0.214560249
5.9,0.015394963,0.433005211,0.209993066,0.128085762,0.213520998
6,0.015406485,0.43525477,0.210616846,0.126307273,0.212414627
6.1,0.015676116,0.437419063,0.211146964,0.1245174,0.211240456
6.2,0.016228299,0.439496862,0.211582087,0.12269507,0.209997683
6.3,0.017087476,0.441486973,0.211920827,0.120819147,0.208685577
6.4,0.018278096,0.443388297,0.212161794,0.118868534,0.20730328
6.5,0.01982451,0.44519983,0.212303597,0.116822243,0.205849819
6.6,0.021750761,0.446920674,0.212344844,0.114659489,0.204324233
6.7,0.024080585,0.448550038,0.21228412,0.112359768,0.20272549
6.8,0.026837574,0.450087181,0.212119895,0.109902944,0.201052406
6.9,0.03004444,0.451531577,0.211850855,0.107269323,0.199303805
7,0.03372361,0.452882789,0.211475435,0.104439733,0.197478434
7.1,0.037896954,0.454140419,0.210992194,0.101395594,0.19557484
7.2,0.042585306,0.455304359,0.210399672,0.098118982,0.193591682
7.3,0.04780924,0.45637445,0.209696368,0.094592636,0.191527305
7.4,0.053588112,0.457350838,0.208880791,0.090800077,0.189380182
7.5,0.059940722,0.458233683,0.207951454,0.086725675,0.187148466
7.6,0.066884997,0.459023324,0.206906742,0.082354555,0.184830383
7.7,0.07443776,0.459720279,0.205745295,0.077672697,0.182423968
7.8,0.082615316,0.460325069,0.204465468,0.072667059,0.179927088
7.9,0.091432659,0.460838515,0.203065844,0.067325436,0.177337547
8,0.100904152,0.461261457,0.201544873,0.061636514,0.174653003
8.1,0.111043309,0.461594869,0.199901026,0.055589846,0.17187095
8.2,0.121862488,0.46183992,0.198132793,0.049176076,0.168988723
8.3,0.133373544,0.461997761,0.19623869,0.042386515,0.166003491
8.4,0.145587325,0.462069821,0.194217257,0.035213442,0.162912155
8.5,0.158513935,0.462057467,0.19206697,0.027650053,0.159711575
8.6,0.172162822,0.461962294,0.189786396,0.019690212,0.156398276
8.7,0.186542566,0.461785937,0.187374041,0.011328891,0.152968565
8.8,0.201661481,0.46153005,0.184828532,0.002561471,0.149418466
8.9,0.210911296,0.461196471,0.182148443,0,0.145743789
9,0.217940585,0.460787049,0.179332389,0,0.141939976
9.1,0.225315129,0.460303692,0.176379033,0,0.138002145
9.2,0.233039507,0.459748364,0.173287083,0,0.133925046
9.3,0.241118881,0.459123073,0.170055139,0,0.129702906
9.4,0.249558332,0.458429848,0.166682123,0,0.125329697
9.5,0.258363849,0.45767074,0.163166697,0,0.120798713
9.6,0.267541636,0.456847889,0.159507782,0,0.116102693
9.7,0.277098631,0.455963311,0.155704276,0,0.111233782
9.8,0.287042286,0.455019174,0.151755129,0,0.106183411
9.9,0.297380956,0.454017561,0.14765937,0,0.100942113
10,0.308123883,0.452960555,0.143416045,0,0.095499517
10.1,0.31928128,0.451850235,0.139024312,0,0.089844173
10.2,0.330864311,0.450688667,0.134483443,0,0.083963579
10.3,0.342885834,0.449477904,0.129792701,0,0.077843562
10.4,0.355360146,0.448219947,0.124951458,0,0.071468449
10.5,0.368303259,0.446916775,0.11995923,0,0.064820736
10.6,0.381733575,0.445570336,0.114815579,0,0.05788051
10.7,0.395671933,0.44418255,0.109520177,0,0.050625339
10.8,0.410142515,0.442755281,0.104072798,0,0.043029405
10.9,0.425173113,0.441290355,0.098473254,0,0.035063277
11,0.440796331,0.439789564,0.092721652,0,0.026692454
11.1,0.457050431,0.438254645,0.086817992,0,0.017876932
11.2,0.473980992,0.436687271,0.080762599,0,0.008569138
11.3,0.490355103,0.435089113,0.074555784,0,0
11.4,0.498340234,0.43346176,0.068198006,0,0
11.5,0.506503321,0.43180675,0.061689928,0,0
11.6,0.514842115,0.43012558,0.055032305,0,0
11.7,0.523354284,0.428419702,0.048226013,0,0
11.8,0.532037391,0.426690525,0.041272085,0,0
11.9,0.540888849,0.424939401,0.03417175,0,0
12,0.549906049,0.423167619,0.026926332,0,0
